6049
27925
85807
1779152
1779153
1779154
1779155
1779156
1779157
1779158
1779159
1779160
1779161
1779162
1779163
1779164
1779165
119424
119428
1779149
1779150
1779151
45126
86011
284002
667382
60884
98040
1521034
1909185
269027
81000
42759
406427
500008
43183
43184
128122
323296
6103
6125
44168
44295
44927
3028843
3028851
3038134
3038135
655439
655440
6143
37535
86058
35583
69467
519443
37528
2315760
27919
27921
50341
140471
140484
37538
3043702
3043704
57287
211184
6329
27838
46000
70232
211375
1150982
2044726
2044730
6236
70219
70242
73930
114861
373738
2044973
2044972
2083177
190558
190563
6845
6855
6893
6935
34634
65651
83136
83137
91340
41356
43267
43271
51799
58139
58151
61977
88344
373319
41360
41362
60152
41361
60154
52425
62004
245716
30266
30267
41448
71419
118449
118457
118461
118485
118489
421860
245732
2082948
6659
58774
84337
84332
116564
84322
178836
84318
116573
116175
6839
7563
29993
2609958
2609960
58364
6683
6816
75394
6821
27412
29979
75397
75398
75401
75402
75399
75400
2692242
75395
75396
75390
84309
6833
41212
72033
84308
84310
84311
84312
84313
84314
3024083
629284
2899670
2899682
2899683
2899684
2899739
2899740
116170
116171
29997
79705
79708
730330
730331
6961
30073
7504
85823
6993
7020
27434
30265
50622
50657
58557
192413
7524
30262
30259
85819
7041
7147
7399
7509
27420
30261
7088
30263
7516
50482
50553
30264
29994
2082882
149990
149991
710185
710186
2082909
3061610
549179
6180
6193
27871
36660
2717078
6201
28842
53684
56692
56708
108235
108240
108244
108257
108263
108281
108298
116900
133187
321066
1224679
1365975
1419470
1419472
2567827
108232
126329
2486284
2486285
2486286
2486287
2486289
2486290
2486291
2486292
6163
6169
27901
79788
6159
39226
39215
66723
1312376
2984825
6219
6227
592017
88946
2973474
2973475
2973476
6428
41798
272738
725120
6362
6373
46589
279647
6348
65495
792580
216204
216210
6382
85671
684783
1964463
2803883
2803884
2933416
2937012
2937013
2937014
2937015
6406
27386
55818
60937
2218736
104731
6479
75116
216294
977767
2315720
2315723
2315725
2315726
70849
2340904
6527
36931
2340871
259634
2448547
6497
69554
977783
977784
2340903
3120499
42656
47126
856330
6546
6552
6562
44598
102300
106218
47521
47536
2899605
1564048
2783444
2783446
2783447
6580
278205
2783445
34542
551287
551289
551290
551347
6638
55286
32578
6652
120435
32585
32586
53694
53693
1077248
1077249
1077250
2137301
2448543
7570
115367
7578
33485
68327
10207
51985
3279198
97265
365322
10234
60525
60527
45081
2705894
45086
47135
41320
78238
2816132
1611870
2517309
84394
104779
104783
3411905
33512
33513
366435
66781
121007
2682578
7581
55652
228674
228689
707761
735274
7599
105864
360085
41166
55648
7591
55644
133449
55618
2594224
2594231
2783457
7627
31184
734141
2785018
31186
35064
41317
327712
1419493
35058
41369
31172
105648
2175314
2341008
7682
55636
7695
7701
7707
7716
7720
32436
2507557
30307
76838
76842
2682553
7858
117851
117887
117888
30495
118015
282414
30483
30496
30503
40667
7864
7899
7925
7933
54906
143896
7952
7991
7995
8002
29140
32446
1489486
8006
8007
51241
134613
143303
68514
81386
1490028
8277
2558152
94929
8064
1489876
1489878
129912
1489894
43697
1489900
8252
1489906
1489907
1489911
8075
28738
76071
41872
1489921
8070
8111
31022
1489926
1489928
1489929
1489930
1489931
1489937
1489939
1489940
1545895
2024527
2024536
2024538
2024539
3051910
81377
31097
8043
1489837
81382
68510
1489795
41711
48438
41712
1489345
7914
7921
8288
7894
2823314
8445
8293
8342
8505
8509
8784
8792
8798
8802
8808
8819
8826
8976
8906
9108
30416
8892
8902
3073797
3073798
8929
3073800
3073801
9214
30447
8940
56301
3073807
30458
8948
9126
9223
1956187
8936
9219
56308
57379
57384
2558200
8920
9205
9230
30411
30449
3073854
1294634
8459
9255
38605
38606
38607
38608
38609
38610
38611
948950
948951
9774
9779
9810
9815
28734
9362
9397
9787
9971
33554
91561
9392
9443
30656
9975
9989
1563120
1563124
7761
7745
33628
33629
31265
52050
