31259
107734
529069
983669
983684
1468258
1468260
1468261
1468408
2290861
2496900
6166
31253
31256
983686
1641618
1641619
1641620
1641622
31248
983685
983688
1641604
1641610
2570347
2570348
1641626
52058
1641607
1641627
6170
1468262
39204
39221
39222
39223
66749
1312212
297431
1312333
66746
84076
297383
3061608
39194
297398
1311800
1525116
1525120
1525122
1525124
1525125
27902
39243
216948
1309809
2030481
84083
84151
166252
996470
1311933
2777052
1468257
79797
116853
86118
1468240
46764
166243
64169
391258
1292249
2930277
27893
27896
31262
52317
39227
39228
44215
44230
104957
104917
993655
2037759
2037767
79785
52047
39216
52055
683719
1673655
1963028
3061619
2984826
